16
13 2 4 1 5 14 9 12 10 15 8 11 7 3 16 6
1 14 10 8 7 9 13 12 2 11 6 15 16 5 3 4
11 3 12 7 16 13 10 8 4 1 2 14 5 15 6 9
10 15 7 8 14 1 2 13 16 3 11 12 4 9 6 5
6 15 10 11 1 7 2 4 5 16 9 13 14 12 8 3
2 12 5 9 1 11 8 4 14 6 13 10 15 16 3 7
14 13 4 12 15 9 3 2 10 5 1 11 7 6 8 16
14 9 5 1 2 4 3 15 7 13 6 16 10 12 8 11
14 12 8 15 1 9 6 16 4 3 10 5 11 13 7 2
10 8 14 16 12 1 3 7 5 13 4 9 6 11 2 15
13 12 11 8 16 6 1 9 10 14 2 5 15 4 7 3
2 16 1 5 14 15 11 8 6 3 12 10 9 7 13 4
16 10 2 13 9 5 7 3 14 4 8 1 12 11 6 15
6 5 2 8 7 14 11 13 4 10 3 9 12 1 16 15
4 8 11 14 10 6 7 5 12 1 13 15 16 3 9 2
8 13 7 11 10 5 4 2 3 1 9 16 15 12 14 6
9 8 10 4 5 2 1 14 16 7 11 13 15 6 3 12
16 5 10 2 12 14 7 1 8 15 3 4 11 13 6 9
2 15 1 6 7 16 11 13 8 14 3 5 9 4 12 10
1 15 16 13 8 7 3 6 4 2 9 11 5 12 10 14
10 11 14 6 7 3 16 15 1 8 9 12 13 2 5 4
1 7 14 11 2 16 12 8 10 5 4 6 3 13 9 15
9 16 8 11 12 14 1 5 7 2 10 3 4 6 13 15
11 9 5 15 8 10 1 13 6 2 12 3 14 16 4 7
1 14 7 9 5 12 11 2 16 13 3 15 8 4 6 10
2 12 15 4 3 11 14 10 16 5 6 1 13 8 7 9
5 8 1 15 4 10 7 9 16 3 2 6 12 14 13 11
5 13 1 8 12 7 3 9 4 6 16 10 15 2 14 11
2 1 8 6 9 14 3 11 10 4 16 7 5 13 12 15
10 1 7 8 2 9 15 13 11 6 4 14 3 16 12 5
1 8 4 10 7 3 5 2 14 16 13 9 11 12 6 15
7 14 15 2 1 5 3 16 4 6 10 8 9 11 12 13
