32
28 5 7 24 29 26 14 16 13 30 8 21 10 27 4 9 6 23 22 32 25 18 2 1 19 20 12 11 15 17 31 3
16 23 29 32 30 27 13 17 24 21 28 11 5 19 8 14 4 6 3 7 26 20 25 18 1 15 12 10 9 2 31 22
7 13 15 10 21 25 17 20 6 31 19 18 8 16 5 23 4 3 24 2 22 32 12 29 27 28 1 26 9 14 11 30
22 9 18 32 7 2 16 31 8 28 6 19 27 5 14 21 10 12 17 26 24 11 13 15 30 1 29 25 4 3 23 20
21 18 14 15 1 30 24 32 10 29 2 25 8 20 31 23 6 16 4 19 7 3 22 9 17 13 27 11 12 5 28 26
24 14 25 7 3 30 9 20 6 2 32 15 19 17 28 11 5 1 31 10 23 21 4 8 18 16 29 13 22 26 12 27
28 12 24 3 20 4 32 29 19 16 1 6 23 7 11 9 5 10 18 30 22 26 21 2 8 31 17 27 14 13 15 25
16 18 31 25 23 2 24 1 27 11 29 26 3 30 14 20 17 22 12 21 7 4 28 5 10 32 15 8 13 19 9 6
1 31 17 21 26 28 27 22 29 5 7 25 13 30 4 3 23 10 19 15 9 11 6 24 12 8 18 14 2 16 32 20
31 3 14 32 19 11 5 15 9 12 4 30 13 8 23 25 10 26 1 6 2 29 18 16 20 17 21 27 28 22 24 7
17 16 28 20 30 5 32 10 23 1 25 22 13 9 26 18 7 31 24 2 12 3 27 29 14 15 6 11 8 4 19 21
14 12 23 26 31 22 30 27 17 24 8 32 25 6 29 13 15 19 16 20 9 21 7 11 4 3 18 5 1 10 2 28
24 26 17 18 4 27 13 29 5 28 8 10 14 25 2 16 30 22 19 31 9 21 3 12 1 20 23 6 11 15 32 7
3 26 7 24 32 13 21 28 14 30 12 29 4 9 27 16 10 22 5 25 6 8 17 1 2 11 15 20 31 18 19 23
28 3 10 14 27 29 13 22 16 26 17 21 6 25 19 32 8 1 20 24 2 18 31 5 7 12 4 30 11 9 15 23
11 21 3 25 1 18 9 16 2 10 12 32 14 13 15 19 26 28 30 5 20 4 8 29 22 6 23 31 17 7 24 27
10 28 14 7 21 20 18 25 23 32 5 31 17 24 26 30 6 1 29 27 8 13 12 9 4 15 3 16 11 19 22 2
32 25 17 28 26 9 23 7 14 10 31 16 3 13 29 22 5 27 21 12 30 11 8 19 1 18 4 20 24 15 2 6
13 6 24 23 26 21 18 12 22 11 7 25 3 31 29 17 5 16 32 8 15 28 20 9 14 30 2 4 19 10 27 1
9 10 22 19 8 21 7 29 25 3 17 6 12 28 14 31 20 32 24 27 26 1 16 23 13 2 4 30 11 5 15 18
3 22 20 15 10 1 17 19 11 5 14 26 30 25 8 29 16 12 13 28 32 27 23 18 6 9 4 24 31 2 21 7
16 2 12 8 5 4 18 6 9 19 32 24 30 3 7 31 17 27 23 13 11 25 14 22 21 15 20 26 10 28 29 1
13 6 7 20 11 4 29 30 1 2 8 32 9 5 22 26 16 27 31 24 23 28 10 17 3 14 19 25 18 21 12 15
26 19 18 15 3 31 32 7 29 24 27 11 28 6 16 22 14 10 13 17 20 2 25 30 23 21 12 9 4 8 1 5
13 21 32 12 4 28 17 2 26 19 24 27 15 29 30 11 23 10 31 20 5 3 16 1 25 9 6 14 8 22 18 7
17 26 32 27 24 10 8 30 23 5 7 6 20 15 28 13 16 11 18 19 3 31 21 4 22 1 29 12 2 9 14 25
21 31 16 32 28 8 18 9 30 13 23 4 15 14 20 25 3 29 27 19 24 11 22 17 12 6 1 10 2 5 7 26
27 25 7 3 4 16 31 29 23 12 1 18 8 6 24 13 15 17 20 19 30 26 11 22 32 5 10 2 9 14 28 21
3 4 8 17 31 9 26 11 16 14 10 28 20 2 5 30 15 7 27 23 24 29 1 18 12 21 13 32 19 6 22 25
7 17 1 26 15 9 30 11 13 2 32 5 18 29 16 4 23 31 27 28 20 6 14 12 3 8 22 24 21 10 25 19
8 28 15 24 4 14 17 1 19 11 30 26 9 29 2 7 27 10 3 20 12 32 22 13 31 18 23 5 21 16 6 25
8 27 12 7 2 32 10 20 4 25 26 14 18 28 9 22 5 19 30 23 13 6 16 24 3 21 29 1 31 15 11 17
9 3 10 5 1 31 12 20 7 18 27 17 6 4 2 30 14 23 24 21 13 19 11 26 8 22 25 29 32 16 28 15
32 18 12 4 7 17 19 26 3 11 25 15 24 23 9 28 8 22 20 14 1 30 31 21 10 16 29 27 5 2 13 6
28 24 13 21 12 19 16 29 25 20 2 6 18 22 23 4 26 17 9 31 8 11 27 1 32 3 15 10 14 5 30 7
31 10 12 1 18 20 6 7 5 25 17 29 15 11 2 26 8 4 24 23 14 13 30 32 9 22 28 3 21 27 19 16
18 6 22 12 14 7 24 19 30 21 25 20 1 27 8 32 16 23 17 13 3 11 31 29 28 2 9 5 10 4 15 26
4 10 14 3 15 22 8 29 24 18 11 12 23 32 13 28 17 9 6 5 25 30 31 21 27 2 16 1 19 20 7 26
15 13 17 2 23 26 27 1 20 24 6 28 11 7 14 30 22 10 25 19 8 9 3 18 29 16 4 21 32 5 31 12
18 24 32 8 21 30 5 25 11 23 28 6 22 2 4 20 1 19 15 14 10 13 26 9 7 12 17 16 3 31 29 27
22 15 16 2 9 24 31 14 17 18 1 10 20 25 32 13 23 5 28 11 27 19 4 26 7 3 8 12 29 21 30 6
17 30 2 9 18 19 25 8 5 3 7 27 14 6 10 15 32 28 26 12 23 31 13 4 20 16 21 24 1 11 29 22
21 5 17 6 14 10 8 1 24 2 30 19 15 4 18 23 11 26 20 29 31 12 25 16 22 9 3 7 13 28 27 32
26 17 23 2 6 18 29 30 7 28 3 20 1 15 4 12 24 25 16 10 11 19 31 8 5 22 27 13 9 14 21 32
14 25 27 2 9 16 32 10 6 15 5 13 30 19 1 12 26 3 18 29 24 17 23 4 11 21 28 8 7 20 22 31
5 29 28 12 30 31 8 19 16 2 20 21 9 18 6 32 3 27 25 23 22 4 13 1 14 7 15 26 11 17 24 10
6 4 14 31 10 3 13 18 28 32 15 5 1 25 23 24 16 20 8 27 21 19 2 22 26 9 11 29 7 30 17 12
10 9 11 15 3 20 25 16 23 19 21 7 27 26 13 28 32 2 24 17 6 30 29 8 12 14 31 1 22 4 18 5
32 7 31 11 12 9 17 30 24 2 20 1 26 16 10 21 13 4 3 25 18 6 29 5 27 23 19 8 22 15 14 28
18 12 15 30 29 27 16 6 25 17 10 28 8 5 22 1 26 4 21 2 24 23 19 32 11 3 14 31 9 13 7 20
21 11 26 5 6 3 25 29 19 31 16 17 8 12 13 23 24 1 27 9 22 30 28 14 15 10 18 20 4 7 32 2
2 20 12 5 24 8 25 22 16 29 3 17 26 32 19 6 14 27 4 9 31 1 11 23 10 28 30 21 15 13 7 18
2 4 8 19 32 9 5 3 6 14 28 31 29 21 12 10 13 16 18 27 25 30 22 11 24 17 20 15 1 7 26 23
31 24 7 5 29 13 18 20 23 12 16 10 17 6 2 3 32 27 4 30 28 1 21 19 14 15 25 22 11 9 8 26
31 26 27 23 14 19 3 6 20 11 5 32 22 15 29 17 28 24 13 18 2 12 16 21 30 25 8 10 7 9 1 4
18 27 7 15 25 29 12 23 19 6 2 3 26 5 28 32 9 20 13 1 11 10 21 16 4 14 17 8 24 22 31 30
26 17 11 10 2 14 15 24 29 28 5 7 6 27 20 12 32 21 22 25 3 13 8 31 23 18 4 19 16 1 30 9
12 25 28 4 18 31 9 6 8 2 19 22 27 20 32 21 17 5 3 7 11 29 14 15 1 24 26 10 23 16 13 30
29 19 11 20 21 14 18 3 13 1 28 26 23 8 15 32 2 9 22 6 12 4 25 10 31 17 24 27 5 16 7 30
7 9 19 5 25 4 17 16 20 18 6 26 22 24 13 15 23 29 2 8 1 27 10 14 30 32 3 11 12 21 28 31
13 32 19 26 6 1 8 28 16 20 24 4 27 17 3 14 7 31 5 23 30 15 21 25 18 11 29 2 12 22 9 10
24 25 2 3 29 20 17 18 32 26 9 4 30 5 23 6 15 31 16 28 1 19 12 27 22 14 7 10 8 13 11 21
6 1 26 28 16 24 32 3 4 7 9 25 5 12 14 11 8 10 27 15 30 22 31 19 20 29 18 21 13 17 23 2
29 19 1 21 20 14 12 9 2 22 15 6 28 17 4 32 11 25 31 13 27 16 18 3 5 26 24 8 7 10 23 30
