64
35 50 57 64 29 62 13 47 43 59 53 39 32 3 45 19 41 60 46 51 34 15 16 40 44 26 30 52 36 55 49 23 4 12 14 5 54 42 17 56 20 63 48 7 6 37 28 10 27 58 33 2 22 9 21 61 31 38 18 1 25 8 11 24
6 10 33 8 52 44 13 20 18 64 16 46 39 26 28 34 53 48 37 12 22 25 2 38 29 30 58 63 49 50 31 1 27 9 59 21 24 11 4 17 47 32 61 3 56 55 19 45 14 35 60 23 43 5 54 62 36 51 57 15 42 41 7 40
8 62 36 61 16 53 20 40 52 33 21 12 13 6 42 58 24 41 35 9 63 26 48 19 10 27 46 3 28 23 11 32 37 55 49 1 4 45 14 59 64 47 31 29 15 38 50 51 22 43 44 18 25 34 57 54 39 56 17 5 60 7 30 2
21 23 47 28 49 4 55 14 11 30 58 50 37 63 59 12 39 43 46 1 41 24 34 15 35 6 8 57 61 54 25 29 44 42 20 51 26 18 7 31 56 3 19 33 64 16 17 40 9 62 48 5 32 10 52 2 45 22 53 13 27 38 60 36
3 26 32 57 50 4 29 40 2 60 47 31 21 55 16 13 27 56 49 64 59 10 39 58 33 48 5 45 53 62 22 51 6 8 15 19 52 54 30 14 23 35 37 17 9 41 46 20 24 36 38 7 12 34 63 42 43 61 25 28 1 11 44 18
10 56 42 13 5 6 8 4 11 53 1 19 62 38 30 15 2 18 58 34 26 60 23 35 28 36 46 57 20 39 63 22 51 48 21 37 14 9 61 7 43 17 16 25 27 40 3 64 44 12 55 47 24 41 33 31 32 52 59 50 29 49 54 45
33 4 52 61 43 15 10 58 47 49 2 60 25 57 63 53 34 39 42 54 46 21 11 51 1 22 64 30 3 19 45 35 44 12 27 9 62 59 29 8 31 6 26 28 13 40 50 20 17 41 55 5 16 38 48 56 14 7 18 36 23 24 37 32
35 32 15 43 10 8 17 60 53 59 39 47 16 23 22 3 14 62 57 34 58 37 21 31 5 26 52 9 48 33 11 27 63 38 28 42 13 50 20 61 6 49 7 30 45 54 41 24 51 44 64 29 55 25 56 1 46 40 12 36 2 4 19 18
39 48 34 30 47 35 58 42 1 36 50 37 61 54 12 8 55 25 19 21 5 38 60 56 13 27 4 31 44 14 17 10 45 3 23 29 33 20 51 59 9 6 57 22 43 11 53 18 62 49 16 64 63 46 24 32 28 2 40 7 26 52 41 15
15 54 26 25 33 21 9 1 27 31 62 35 10 3 56 41 58 28 42 43 40 2 48 63 57 38 50 7 36 46 64 12 34 11 23 17 4 19 5 37 51 16 55 49 30 8 18 61 45 53 29 52 59 6 24 44 20 13 14 47 39 22 32 60
44 13 52 59 19 8 27 53 5 29 25 3 47 17 6 4 38 7 23 58 41 24 32 46 61 22 57 31 64 9 51 34 55 43 56 10 50 60 12 20 37 45 49 48 62 36 54 28 42 40 14 18 39 21 1 11 16 33 15 2 63 26 30 35
51 34 8 50 64 26 10 7 55 23 21 5 24 6 61 19 28 41 15 48 25 43 37 60 38 4 32 22 59 57 2 39 52 40 20 9 33 58 62 36 63 11 49 31 42 35 29 16 53 14 56 17 47 1 44 3 45 13 18 46 54 30 12 27
39 51 4 17 47 46 21 62 20 35 52 34 45 16 37 48 38 25 59 60 2 3 5 32 49 22 33 30 19 9 56 26 41 23 15 12 40 36 58 8 13 53 43 29 7 54 27 44 63 1 50 57 61 11 14 10 24 18 42 6 64 28 31 55
4 64 48 35 34 55 23 25 30 12 58 3 40 38 39 29 26 51 46 5 63 13 9 6 49 10 14 19 52 53 61 8 1 33 43 42 32 11 56 50 21 17 2 44 18 41 59 47 16 20 54 45 31 62 36 27 22 7 60 28 37 24 15 57
63 16 36 59 26 50 10 45 24 9 32 42 38 1 41 13 22 35 27 18 60 52 31 37 21 8 28 55 54 30 56 43 6 44 14 2 4 5 46 20 64 11 58 12 48 62 3 53 51 7 57 61 29 39 47 34 33 23 19 17 25 40 15 49
16 37 45 38 14 20 39 7 8 48 29 63 32 43 59 54 6 34 21 30 27 47 11 9 62 52 15 56 51 4 33 42 12 36 46 44 28 1 55 25 18 61 50 2 35 60 10 53 40 26 24 23 22 49 13 17 58 3 41 19 31 64 57 5
45 36 21 23 6 63 14 7 35 4 10 27 26 24 61 13 12 18 11 20 33 43 3 22 58 1 37 46 51 15 54 41 53 8 28 55 44 38 34 25 29 32 42 47 9 39 64 48 2 16 56 19 40 17 52 31 62 5 30 49 60 50 57 59
28 39 61 24 53 45 14 36 60 17 15 4 30 10 3 55 11 2 1 25 35 18 21 20 26 22 44 5 49 19 62 23 48 12 32 56 46 33 43 13 58 38 27 31 63 51 6 29 37 47 42 50 64 16 59 8 7 40 52 57 41 9 54 34
52 3 2 53 45 9 49 14 60 42 51 46 16 41 39 8 47 24 15 37 20 56 43 55 57 32 63 7 4 44 29 34 12 13 40 11 18 30 6 54 64 62 25 31 50 48 5 21 61 28 36 26 58 22 1 23 19 38 35 59 27 17 33 10
16 14 55 47 50 10 4 36 52 30 2 1 48 33 39 3 31 40 19 17 42 37 59 8 34 28 6 24 20 49 29 12 15 41 27 44 23 53 61 26 45 35 11 63 64 13 51 9 21 7 58 5 18 57 43 25 62 56 38 60 46 54 22 32
18 19 3 63 2 36 22 49 57 47 9 56 8 61 23 44 26 55 27 58 20 14 30 29 17 16 42 6 21 4 50 34 7 13 53 45 43 64 35 31 54 60 11 12 10 24 39 25 38 32 52 51 1 28 48 59 40 5 33 46 62 15 37 41
9 60 43 8 52 4 18 57 13 48 19 23 50 20 51 56 24 10 59 6 11 26 2 34 55 36 28 62 58 17 46 53 30 42 22 12 32 16 7 49 45 27 33 25 15 38 31 44 39 41 14 5 29 37 63 40 21 1 35 64 61 3 54 47
25 38 17 53 54 1 47 16 12 59 48 26 36 57 29 40 58 6 3 15 42 7 30 13 21 19 62 31 64 8 61 34 63 18 24 49 56 9 52 37 60 2 55 50 5 32 33 22 4 51 46 10 27 44 39 14 20 28 45 43 41 35 23 11
26 42 63 56 51 46 44 59 36 18 61 23 50 13 15 12 32 20 27 14 39 11 33 31 55 8 45 40 19 43 48 60 41 28 52 24 10 34 35 29 17 38 5 22 1 49 2 7 62 4 6 3 54 16 57 58 37 47 64 25 53 21 30 9
42 45 17 62 37 22 55 8 2 54 7 59 24 44 18 56 48 9 32 39 57 52 5 58 61 14 13 16 46 35 51 20 36 40 19 28 23 1 50 15 47 49 25 43 64 12 41 11 60 29 31 3 10 4 34 63 38 30 6 53 26 21 27 33
37 62 54 45 47 7 13 59 49 44 42 21 32 14 52 22 20 17 16 23 41 58 27 43 48 12 36 53 38 31 56 10 1 33 61 64 63 8 11 18 4 28 35 39 60 51 9 19 34 29 55 24 57 26 5 2 3 15 30 40 50 25 6 46
11 50 2 17 25 41 39 30 61 34 13 63 9 64 35 47 37 18 36 40 23 53 31 6 57 43 45 29 1 54 46 4 16 26 7 21 19 38 20 58 32 15 48 62 27 3 56 12 42 49 55 5 59 24 14 33 52 51 60 44 8 10 28 22
12 18 37 34 26 24 45 3 64 47 32 5 46 22 42 53 17 39 38 8 56 40 16 31 60 51 44 14 25 50 59 4 21 20 49 9 36 52 43 6 19 63 1 11 23 29 2 35 41 54 10 28 7 55 30 58 13 33 48 15 62 27 61 57
2 14 20 44 23 9 45 56 62 7 24 4 15 16 46 18 55 54 64 51 21 48 53 39 40 19 3 11 22 28 38 27 61 5 50 47 63 42 31 35 59 12 8 10 60 26 30 58 25 36 52 29 1 49 43 13 17 41 6 34 37 32 33 57
4 20 61 27 5 47 21 30 58 48 22 49 54 24 7 25 37 18 38 14 9 53 34 2 62 42 12 63 10 46 26 11 6 13 52 33 57 8 17 41 56 23 3 39 1 50 44 28 51 15 59 16 64 32 36 45 29 31 35 19 40 55 43 60
53 64 7 51 35 32 59 48 62 17 6 20 63 33 39 46 14 36 30 11 42 5 13 49 37 56 25 43 3 22 44 55 26 31 9 52 12 40 41 29 10 45 28 58 60 19 21 57 54 2 8 47 15 27 34 61 4 18 16 1 38 24 23 50
31 27 64 3 46 34 30 13 19 21 23 42 41 5 37 25 49 61 39 10 55 43 33 15 4 50 26 38 6 20 11 12 32 47 40 51 56 1 14 8 52 63 7 54 29 36 57 24 28 17 53 22 58 45 48 35 16 9 59 60 62 2 44 18
16 64 26 39 19 48 10 46 45 23 31 56 3 27 36 44 62 13 4 1 8 47 24 33 20 52 22 17 55 15 58 54 28 37 29 35 41 42 51 14 57 38 30 50 32 60 53 43 25 34 5 59 7 61 49 11 63 21 40 2 9 6 12 18
54 11 46 12 29 34 32 40 10 31 3 33 42 48 7 13 56 17 1 18 62 38 9 39 26 57 30 35 49 4 47 2 28 6 51 60 63 55 5 20 43 21 19 52 50 14 41 59 16 64 36 8 37 45 24 22 25 61 58 27 44 23 15 53
14 59 37 45 33 1 54 51 58 21 57 60 9 47 6 55 43 36 39 3 38 19 46 62 23 30 15 41 49 63 44 42 26 16 2 7 61 17 53 18 32 8 27 64 35 25 56 10 12 40 50 52 22 31 11 28 5 24 48 29 20 4 34 13
61 35 32 24 43 49 6 15 39 44 38 55 52 46 26 4 9 50 16 27 59 8 3 60 62 40 23 53 28 36 22 5 51 54 48 37 56 64 1 18 63 13 33 41 21 2 29 42 47 10 12 57 19 30 45 11 31 14 7 17 58 34 20 25
33 24 30 60 7 18 13 4 59 53 28 34 54 42 5 37 63 20 48 9 46 61 16 47 26 12 51 41 44 11 57 1 22 38 21 6 45 43 62 3 17 35 27 23 56 29 55 15 50 2 14 40 25 19 31 10 36 52 39 64 32 49 8 58
47 29 12 3 33 20 42 48 44 55 26 9 45 35 7 59 1 11 5 25 34 30 32 61 58 43 62 17 21 60 37 15 28 22 18 27 56 16 64 6 49 39 54 23 31 19 40 46 2 10 14 50 8 4 13 63 51 38 41 57 52 36 53 24
24 57 3 21 47 30 50 19 58 56 51 34 18 43 45 7 20 33 6 9 52 10 42 53 26 23 2 38 29 13 48 54 60 15 8 4 37 44 36 64 61 49 35 40 31 46 55 17 62 59 27 39 11 12 5 28 41 63 25 22 14 1 16 32
11 60 21 35 5 38 24 64 42 25 17 19 31 34 54 9 59 13 61 32 44 15 29 43 14 47 4 27 16 45 33 39 12 7 51 57 28 23 55 2 40 26 22 3 20 46 18 56 30 62 41 58 6 50 8 49 36 10 48 1 52 37 63 53
64 47 50 42 1 43 21 24 17 45 40 4 19 10 41 56 63 37 14 23 58 52 44 49 6 51 32 2 25 28 7 26 12 5 30 62 53 33 8 55 20 59 9 54 61 38 39 60 57 18 22 31 36 35 11 27 48 13 46 15 16 29 3 34
35 19 61 16 54 59 5 18 14 29 21 50 22 28 52 40 30 11 45 49 20 38 31 27 46 32 15 57 1 12 43 8 4 2 33 17 56 7 42 47 6 24 10 25 13 55 34 23 44 3 60 39 41 51 26 37 36 62 48 64 58 53 9 63
49 36 51 46 11 50 19 55 33 28 60 10 32 37 42 26 4 20 18 44 29 56 34 35 6 40 61 62 64 25 8 21 15 3 59 27 31 45 9 57 54 12 1 38 14 43 52 24 17 53 2 39 16 47 22 30 7 13 5 63 41 23 48 58
31 46 60 38 7 59 13 36 16 22 27 52 42 30 23 56 62 47 51 15 10 28 14 33 50 61 40 3 49 12 45 4 57 17 63 39 25 34 6 55 58 48 35 2 32 43 8 1 18 37 44 9 26 53 20 11 29 21 64 5 19 54 24 41
3 11 5 21 17 38 19 53 43 57 22 55 18 40 48 51 60 52 56 7 13 37 6 41 49 42 14 26 50 4 30 46 23 1 20 35 25 10 24 47 32 44 61 64 34 39 59 33 31 16 28 9 2 12 58 54 45 36 63 29 27 62 8 15
41 50 58 34 51 6 7 26 35 44 25 15 17 28 38 16 37 40 4 64 10 19 62 31 24 12 57 61 32 43 27 8 48 1 55 9 36 42 14 63 3 21 18 29 11 39 13 46 47 33 20 53 56 60 59 23 30 5 22 54 45 52 2 49
58 4 21 54 10 25 18 32 13 16 17 31 27 23 30 51 7 45 12 38 50 49 19 47 2 20 9 59 34 3 33 48 6 5 41 53 24 28 35 44 8 36 14 15 61 29 64 46 52 26 57 56 43 40 22 11 1 42 63 55 37 62 39 60
5 6 19 34 33 27 44 57 36 47 58 56 61 52 39 45 28 46 41 64 24 4 21 10 30 18 50 8 20 63 53 42 7 12 49 13 40 29 62 22 25 60 54 17 3 43 55 14 32 48 15 1 38 26 31 2 23 35 51 16 9 11 59 37
8 25 3 55 60 14 24 12 47 26 64 57 52 35 17 50 6 11 49 59 15 1 34 19 42 29 40 22 39 43 16 44 30 36 45 58 9 46 48 37 63 33 61 7 51 41 18 28 20 5 56 21 54 31 2 62 32 38 53 10 13 4 27 23
13 9 53 11 15 34 30 40 29 56 36 43 41 25 21 20 62 33 8 16 48 49 57 39 63 60 3 22 19 38 61 12 64 54 14 24 23 4 18 5 1 7 32 55 50 2 47 35 26 31 10 17 37 28 58 6 44 59 46 51 42 27 52 45
40 31 61 60 46 57 28 51 54 14 7 44 48 35 6 21 1 43 36 22 20 33 29 53 56 59 10 50 42 45 13 27 63 55 18 47 34 12 19 16 30 3 58 8 23 37 26 38 2 15 52 24 9 4 11 64 25 49 5 39 17 41 32 62
20 26 3 9 11 55 53 31 44 59 7 23 24 43 34 49 63 30 1 50 46 51 10 61 17 45 29 21 5 56 48 47 58 27 62 37 16 54 60 36 38 8 25 39 15 18 42 28 13 22 57 14 33 2 4 40 35 19 64 41 52 6 32 12
27 56 47 7 36 4 37 23 49 25 46 54 59 6 43 57 9 13 20 16 64 33 26 52 60 24 8 61 45 22 53 1 32 17 50 19 12 62 29 44 28 58 39 10 2 30 11 48 41 21 38 55 18 3 34 35 14 63 40 42 5 15 51 31
1 19 41 51 36 62 3 4 11 37 33 21 49 5 35 14 31 34 25 43 46 26 52 10 12 39 55 53 20 24 15 63 44 60 61 27 2 57 29 42 13 45 28 23 30 50 40 32 48 38 6 22 54 7 8 47 59 16 17 56 18 58 64 9
3 16 20 37 61 31 62 23 38 45 18 9 46 48 49 8 43 50 53 26 7 11 33 54 42 34 15 56 17 52 1 51 41 57 27 30 22 64 32 19 60 14 35 58 12 13 5 59 44 28 10 24 40 29 39 21 47 25 2 63 55 6 4 36
42 19 2 6 7 50 49 57 27 40 56 3 15 64 10 18 62 11 34 59 39 25 21 54 53 61 5 31 14 52 23 22 58 9 60 46 8 36 4 26 24 20 33 29 55 45 37 13 28 44 35 32 38 47 48 63 43 30 1 51 16 17 41 12
46 3 33 25 31 14 22 10 23 55 34 52 56 13 35 48 27 15 29 19 39 4 60 41 44 9 54 61 12 42 26 38 45 51 20 43 17 7 59 37 47 24 11 32 1 62 28 49 5 63 8 58 64 21 57 40 18 16 50 30 2 53 6 36
13 1 42 4 39 12 58 3 59 50 49 8 57 63 19 43 56 15 27 25 61 53 11 41 7 26 24 55 54 64 6 32 2 29 37 10 20 35 28 40 5 18 46 14 36 38 33 51 45 9 21 23 16 30 44 17 47 60 62 34 52 22 31 48
18 53 6 4 64 38 8 56 1 34 48 3 9 33 13 47 49 41 61 15 11 14 58 43 28 40 45 30 23 60 63 57 25 37 16 32 12 2 17 42 36 55 62 24 44 5 46 22 59 7 21 20 35 10 19 29 39 27 31 52 50 54 51 26
16 40 48 58 44 38 57 64 27 10 39 30 21 50 36 15 29 63 59 31 42 11 22 5 60 14 46 32 6 12 47 43 56 26 35 61 53 17 13 49 55 51 34 1 62 9 41 8 25 3 54 2 52 28 7 23 19 33 18 37 24 45 4 20
10 46 62 21 34 15 5 4 47 13 44 1 35 52 24 60 42 63 19 56 16 64 7 3 33 30 18 58 23 9 2 32 36 51 45 26 55 38 27 12 31 48 29 28 25 53 11 41 40 20 59 49 14 61 50 8 37 43 39 17 54 6 57 22
45 39 19 3 35 60 13 20 25 36 31 42 26 9 50 49 7 18 41 53 44 8 40 54 1 27 43 61 28 5 58 4 55 33 63 6 62 56 34 23 46 21 11 24 15 22 57 12 14 32 29 30 38 64 47 51 37 59 17 48 2 52 16 10
58 4 14 37 49 50 7 5 62 23 27 60 44 31 64 32 35 26 13 19 47 11 28 2 18 51 48 42 16 57 15 39 10 29 9 52 40 55 34 6 63 43 36 20 17 59 53 33 8 41 46 1 61 12 24 25 21 38 3 22 45 54 30 56
12 41 24 62 21 38 63 39 53 58 47 4 46 6 30 64 49 16 14 50 8 18 44 55 5 15 20 40 56 10 57 1 43 27 19 32 25 3 7 61 31 28 51 37 52 13 60 29 2 48 9 34 54 11 45 23 22 17 36 59 33 42 26 35
63 58 50 28 8 52 16 18 15 17 23 6 11 40 51 54 49 14 36 60 24 1 3 35 56 33 47 43 61 26 57 10 39 31 45 21 44 12 55 32 64 13 37 20 41 25 46 4 9 48 53 59 5 27 38 29 34 30 2 19 22 62 7 42
59 26 64 21 33 51 38 53 62 20 41 24 43 11 15 44 50 40 39 46 23 6 1 28 61 52 45 30 7 4 10 18 29 16 49 48 36 35 32 34 56 37 60 8 55 17 31 27 47 14 12 9 19 5 54 13 57 42 22 3 58 25 63 2
8 52 31 38 45 59 1 37 25 3 60 18 42 49 10 35 43 11 40 28 64 55 17 30 16 62 58 21 33 2 34 36 53 41 14 63 61 47 13 44 5 24 48 46 39 29 27 57 50 6 7 20 54 22 15 56 51 4 26 23 12 9 32 19
56 54 59 58 21 37 49 52 48 41 51 38 16 26 35 44 18 17 28 13 31 3 10 29 40 39 7 27 9 62 36 5 34 22 64 23 32 50 43 55 57 12 25 30 60 6 2 45 20 33 11 1 42 15 14 53 63 47 19 24 8 4 46 61
41 57 1 33 62 53 30 14 23 28 17 18 42 56 20 19 10 61 12 54 15 39 64 26 45 6 59 7 4 58 52 35 34 55 13 11 8 50 36 32 25 3 40 5 21 43 22 60 46 48 49 29 2 38 63 16 24 27 47 51 37 44 31 9
61 28 15 32 23 7 12 59 30 52 10 27 51 60 16 31 53 36 54 42 5 45 44 26 39 58 2 63 40 21 29 19 18 1 24 43 22 46 47 49 62 25 64 4 57 35 48 50 8 55 20 6 11 37 9 41 3 17 56 34 13 38 14 33
43 35 46 17 9 34 13 10 16 14 29 24 26 11 54 41 39 61 4 53 40 38 15 21 57 19 25 23 6 63 33 31 42 3 50 56 1 12 37 64 47 28 59 52 49 36 2 58 7 62 20 60 32 30 22 55 8 5 51 48 27 45 18 44
23 17 60 38 19 18 3 47 27 10 53 4 7 35 37 14 59 50 40 31 25 36 61 56 24 5 26 41 13 32 21 52 63 62 49 28 20 2 1 43 64 55 22 33 15 29 11 39 9 48 8 46 57 12 16 54 44 6 42 51 30 34 58 45
38 48 52 20 2 13 39 4 37 28 33 5 59 10 27 58 3 53 35 15 31 44 25 49 45 1 55 54 19 24 34 64 60 36 40 57 22 63 50 43 14 8 6 26 42 30 41 47 16 62 17 18 7 21 56 32 46 61 9 51 12 29 23 11
53 26 59 27 3 6 31 42 11 55 62 35 45 37 39 23 44 1 58 4 16 33 47 38 15 13 49 40 28 60 46 54 63 17 9 21 61 19 24 7 32 2 41 36 22 8 25 43 51 30 10 20 64 34 50 5 56 12 14 48 52 29 18 57
32 17 52 49 25 18 22 55 1 4 38 48 59 63 9 43 26 62 37 40 2 57 45 46 10 29 54 36 50 24 58 42 11 53 39 60 33 35 27 47 30 14 12 44 28 41 19 34 64 15 20 23 7 21 6 5 13 61 51 3 56 31 8 16
54 19 29 53 39 59 9 12 6 51 33 31 50 20 24 22 42 52 13 57 37 41 14 32 4 1 17 26 11 27 48 45 16 63 40 8 7 62 30 49 5 35 28 43 56 47 2 64 55 21 15 10 36 34 44 3 25 60 38 46 18 61 58 23
51 28 9 42 29 41 25 15 34 43 7 6 48 17 59 53 4 49 55 57 21 24 40 54 56 11 50 35 20 39 31 52 5 47 30 16 26 14 37 58 12 1 45 3 2 8 10 27 63 23 60 32 38 18 22 62 61 36 44 64 33 46 19 13
63 10 27 38 44 16 36 13 55 59 12 33 19 49 21 1 6 57 60 7 50 23 3 24 30 26 64 11 29 48 22 43 40 5 39 42 62 45 20 52 2 28 4 34 47 54 15 31 51 56 14 61 53 37 46 35 32 9 18 8 58 17 41 25
48 40 57 23 37 13 11 60 26 61 51 24 63 32 15 49 18 50 39 17 30 4 3 10 45 33 47 20 25 54 52 12 1 8 27 46 56 6 21 7 28 62 42 34 41 35 29 14 31 64 43 22 55 2 53 36 9 16 38 19 5 58 44 59
31 12 55 25 14 9 13 30 24 4 11 48 26 15 63 6 58 22 45 32 59 44 27 41 34 50 51 23 28 2 8 40 17 36 19 37 39 7 1 61 57 56 46 53 35 3 16 5 43 47 62 60 52 64 49 29 10 20 42 18 33 54 38 21
6 1 22 45 47 32 49 13 41 42 17 56 4 60 29 35 44 9 5 10 51 33 48 63 53 40 55 39 61 26 11 43 59 58 46 52 18 36 62 57 3 23 24 27 31 38 25 7 37 16 64 15 21 12 30 19 50 14 2 8 54 28 34 20
54 57 28 41 17 1 36 46 47 14 33 59 43 39 32 16 55 31 21 25 51 53 64 6 7 35 45 61 52 8 30 40 9 22 60 58 11 44 20 3 26 34 2 15 56 38 5 23 4 29 48 18 13 10 62 50 37 27 24 63 49 12 19 42
6 31 42 51 24 64 40 57 44 22 58 61 23 27 28 60 18 36 35 38 20 47 45 30 9 50 12 4 17 16 29 26 48 41 7 56 46 43 59 34 25 39 8 21 32 63 53 5 19 33 1 11 55 2 10 49 15 62 3 54 52 37 14 13
17 59 46 64 16 30 56 48 25 54 52 63 50 19 28 45 39 11 62 20 38 22 26 42 21 36 2 6 9 13 10 53 58 14 44 31 23 29 37 33 3 43 61 5 41 34 15 12 4 8 51 47 27 49 35 55 60 24 40 1 32 7 18 57
7 20 55 10 60 18 50 59 5 4 41 39 14 8 46 33 42 22 24 3 1 6 28 9 30 38 15 47 43 57 54 29 27 13 52 26 36 58 11 21 48 19 37 35 40 32 44 49 23 34 2 64 51 16 17 12 63 61 45 62 25 31 56 53
33 55 40 29 51 46 19 61 34 15 63 60 49 64 62 20 35 4 26 3 53 47 21 43 59 14 54 16 9 37 38 23 45 12 10 8 7 31 11 6 17 25 2 58 50 5 36 42 27 30 1 52 28 41 32 56 13 48 18 44 22 57 24 39
32 14 54 21 27 30 62 64 2 12 4 50 24 35 33 3 8 29 23 20 38 17 36 1 25 6 46 37 10 56 48 47 16 31 13 34 57 19 55 59 51 22 63 45 61 15 26 40 60 11 9 7 43 49 5 42 52 18 28 58 41 44 39 53
57 59 15 6 4 42 7 48 45 19 26 33 43 18 54 34 10 17 3 60 44 38 49 13 20 8 63 2 21 24 9 29 5 58 62 31 55 47 35 64 50 46 41 37 28 40 39 16 12 52 25 14 11 30 27 1 51 22 36 53 56 61 32 23
36 63 24 8 26 38 60 40 59 20 32 21 41 51 31 7 39 50 5 37 44 10 58 17 3 62 29 35 23 25 18 15 48 6 16 22 4 45 47 34 52 33 43 53 13 55 1 2 54 56 61 14 30 11 42 12 49 57 9 46 27 28 19 64
44 48 50 31 4 34 47 7 56 53 57 27 18 12 43 22 52 3 36 42 25 62 5 49 14 1 55 13 33 61 51 26 60 16 32 24 9 30 54 19 37 8 45 2 58 10 23 40 28 64 6 39 20 63 21 15 38 59 17 35 41 11 29 46
62 6 18 32 20 24 53 48 25 47 61 2 55 21 50 59 10 64 7 15 34 13 43 39 17 36 23 12 1 38 29 63 37 30 45 60 28 41 22 51 44 56 57 4 9 33 3 26 14 31 35 49 42 11 16 58 52 54 46 40 19 27 8 5
54 7 9 34 17 8 30 33 13 35 12 56 62 19 6 48 53 47 42 38 41 36 11 59 52 49 58 22 27 32 45 4 44 55 1 39 29 46 37 5 63 31 18 23 15 26 2 25 61 14 16 28 64 60 24 43 40 51 50 21 20 57 3 10
34 41 47 27 10 7 31 38 63 36 22 30 51 42 8 55 64 3 18 39 15 24 32 62 57 26 52 16 45 59 14 23 13 49 21 50 19 1 48 33 53 58 2 56 9 35 44 20 6 25 61 12 40 11 5 37 4 17 43 29 46 28 60 54
8 43 5 41 26 62 45 32 56 3 11 27 34 40 9 13 39 64 47 59 58 30 50 12 35 46 4 10 54 33 21 44 7 37 49 15 2 19 18 52 1 29 16 20 28 24 23 48 60 38 6 42 17 36 55 25 22 57 31 53 63 14 51 61
60 1 34 11 17 31 53 23 22 35 61 25 33 37 3 21 14 48 46 55 8 7 29 43 13 27 5 19 58 9 6 28 16 18 32 30 44 50 26 12 20 40 38 4 41 39 52 2 62 51 63 36 59 47 24 57 45 15 42 56 54 49 10 64
17 13 18 42 48 28 14 59 7 24 20 55 26 41 58 40 64 2 62 54 43 16 34 23 51 61 52 32 45 8 30 47 10 39 29 21 53 22 35 12 60 27 4 37 19 11 31 57 49 1 25 36 9 63 15 46 50 56 33 44 5 3 38 6
37 4 59 33 31 32 30 38 22 13 41 46 64 1 15 34 57 61 50 8 26 56 19 49 53 29 2 39 51 45 20 10 11 17 27 25 60 6 3 9 16 58 44 36 21 5 48 40 23 28 63 55 24 12 52 42 43 62 54 35 18 14 47 7
23 31 17 60 29 57 10 53 54 50 58 8 46 64 37 42 28 47 6 15 22 51 25 55 19 7 5 2 38 59 14 61 36 1 24 34 62 33 16 20 9 40 32 30 27 56 45 26 18 4 49 3 35 39 21 12 43 13 48 52 44 11 63 41
15 43 39 20 55 32 57 6 31 5 34 2 24 37 7 23 49 4 52 50 45 30 9 3 21 35 10 46 58 17 36 51 8 14 59 64 38 61 26 60 33 22 48 12 41 42 25 13 63 28 62 19 56 44 40 1 53 11 18 47 16 54 29 27
55 4 32 31 45 1 33 56 47 8 64 27 62 60 42 50 40 37 7 43 57 58 22 23 38 13 59 16 48 29 17 30 21 51 61 35 46 19 3 39 26 41 6 53 25 10 36 11 14 24 49 20 5 12 28 34 54 52 63 2 44 18 15 9
63 33 13 14 4 55 43 2 15 45 46 35 23 58 40 47 7 8 25 64 3 6 19 9 24 17 60 26 18 28 27 44 56 31 11 39 53 16 1 10 38 34 49 62 32 42 12 61 59 52 30 5 51 22 54 41 20 37 36 29 57 48 50 21
26 2 49 45 24 23 15 53 6 9 18 62 36 8 40 61 20 41 56 17 54 19 32 22 16 55 64 7 43 14 13 11 59 34 38 46 1 27 12 21 30 31 29 42 28 10 35 50 58 44 47 3 51 37 25 39 63 4 57 52 33 60 48 5
62 31 9 29 32 44 49 56 8 7 10 57 13 2 47 16 25 59 60 14 18 34 21 53 3 4 40 17 52 36 15 6 23 61 20 5 43 35 55 19 26 27 37 28 1 50 38 54 41 42 22 11 63 30 12 33 58 48 45 46 24 39 64 51
61 26 45 54 12 4 11 29 50 44 47 52 37 24 39 31 62 38 36 7 16 27 13 9 51 14 23 30 56 20 63 6 60 3 19 40 22 55 15 41 10 46 17 64 34 48 28 58 35 57 33 49 5 2 21 59 18 1 42 43 25 32 53 8
24 4 37 18 54 40 41 59 45 20 49 21 50 8 30 29 56 38 44 39 25 28 26 7 31 48 5 51 1 22 57 14 58 34 19 53 9 35 6 27 33 64 23 16 43 3 62 47 55 52 32 17 46 60 61 15 10 11 13 12 63 42 2 36
24 15 33 21 16 57 62 51 28 7 29 3 2 42 36 53 58 34 8 23 20 40 49 11 43 30 54 37 10 22 32 64 6 50 26 9 45 41 56 13 17 55 59 31 52 60 38 35 48 61 46 39 47 12 44 14 4 27 25 63 19 1 18 5
1 31 58 23 59 3 4 30 60 2 5 22 9 44 46 53 29 36 34 45 33 56 14 19 35 12 25 63 55 51 54 40 50 20 11 41 16 10 42 38 26 47 48 8 6 15 61 39 17 18 62 32 64 43 27 28 49 52 24 57 21 7 13 37
37 12 39 35 50 14 23 18 17 49 24 38 16 43 52 10 15 7 44 6 60 51 22 29 57 11 4 48 46 55 13 63 5 40 9 32 30 21 41 58 56 53 8 62 36 1 25 45 31 20 2 61 33 27 28 47 59 26 19 3 42 54 34 64
16 60 23 25 9 10 19 43 4 36 54 22 38 1 39 14 6 17 29 33 37 31 20 55 41 53 61 63 3 21 45 5 2 51 13 59 7 49 11 56 28 64 35 24 42 58 12 46 48 32 30 8 40 52 15 44 57 62 47 34 26 18 50 27
20 31 64 1 61 36 43 26 59 12 23 15 7 13 24 21 19 47 22 55 27 28 37 33 58 63 39 53 44 9 14 46 54 51 56 34 11 29 16 6 5 8 48 2 35 50 3 17 18 25 30 10 57 40 38 4 60 49 32 62 45 52 42 41
37 27 21 53 19 38 3 29 35 26 9 44 48 18 42 34 61 33 46 54 22 56 64 63 45 58 52 16 31 60 50 55 12 14 6 49 1 20 41 8 13 11 15 28 4 10 23 36 51 57 7 59 40 17 5 43 32 62 47 24 2 25 39 30
57 61 51 28 27 31 53 34 4 30 50 16 41 37 13 46 59 49 26 14 56 6 22 43 23 45 29 60 20 8 1 52 17 15 3 64 58 10 63 55 33 24 7 62 44 25 21 5 9 35 36 12 47 54 32 2 19 18 48 11 42 39 38 40
34 4 52 58 64 41 11 49 54 18 24 60 43 45 25 31 20 63 30 38 15 47 48 6 13 46 39 51 5 9 7 62 29 28 1 8 27 36 22 21 59 44 14 40 50 35 10 37 26 32 53 12 56 33 19 57 42 16 2 17 23 55 61 3
47 49 22 44 36 9 8 6 3 28 33 55 60 11 30 40 42 61 58 19 53 43 41 48 14 39 27 23 29 7 50 2 5 31 37 25 13 34 12 1 21 24 35 57 18 17 38 51 59 4 32 26 45 10 64 15 62 16 46 54 56 52 20 63
61 3 43 63 47 27 20 48 64 29 10 11 4 24 51 57 44 14 53 60 9 55 21 18 41 59 42 39 7 5 19 12 62 54 58 56 8 13 26 33 35 16 15 34 37 52 46 40 6 49 28 31 38 2 23 17 36 25 1 32 45 30 22 50
8 51 19 40 6 42 33 56 18 21 35 57 20 4 26 63 27 36 25 15 11 23 61 43 2 3 22 7 37 50 29 12 28 1 9 44 48 34 32 38 49 55 41 52 16 62 39 45 31 30 46 53 60 13 64 54 59 17 14 10 47 5 24 58
4 29 51 2 59 22 28 1 63 7 55 48 24 64 26 9 57 17 14 60 58 15 36 43 45 3 53 54 39 52 18 20 11 21 61 16 12 50 33 42 13 40 32 44 49 38 46 30 10 37 31 25 6 27 56 62 8 47 41 35 19 34 23 5
57 6 60 42 35 37 3 28 15 24 22 53 19 29 9 62 26 41 39 40 31 2 33 64 48 8 27 56 44 17 38 10 1 25 52 59 58 45 12 46 13 16 21 5 49 23 18 4 20 43 47 32 51 54 61 14 30 7 55 34 63 11 50 36
41 60 21 4 61 50 22 52 1 42 16 8 11 18 62 2 23 46 63 31 43 45 9 3 36 58 20 5 29 10 19 47 48 27 15 24 17 57 28 54 39 49 35 40 55 44 12 7 64 53 59 51 14 13 38 32 37 30 33 26 25 56 6 34
26 33 25 22 59 30 63 44 40 28 35 36 43 34 46 57 8 45 41 2 58 20 64 39 4 31 54 1 53 52 16 48 47 6 9 32 15 60 51 11 14 62 42 29 50 24 61 49 21 18 5 13 3 38 7 23 37 19 56 10 55 12 17 27
51 21 7 5 14 63 2 6 18 54 59 60 46 36 30 12 33 31 61 57 22 13 39 26 3 44 62 42 49 34 29 28 41 56 25 15 4 17 32 23 38 43 19 16 9 11 20 1 47 10 8 37 50 48 45 24 40 55 27 64 52 58 35 53
58 53 13 40 57 46 22 27 26 25 32 2 4 47 33 51 3 17 10 6 28 8 14 18 55 44 15 52 23 64 49 21 19 9 62 7 59 39 50 56 60 11 16 42 29 35 1 37 20 43 36 63 34 54 41 24 38 12 31 48 61 45 30 5
54 23 14 21 47 6 12 36 46 26 35 48 33 4 44 19 15 27 16 28 18 3 13 22 38 55 63 20 7 57 59 64 51 43 62 42 39 50 11 61 31 9 60 5 8 53 37 2 25 49 30 40 17 10 32 56 29 1 52 45 24 41 58 34
21 48 1 43 44 6 30 51 52 37 31 20 54 4 58 40 34 24 38 18 29 57 47 56 60 45 49 28 35 17 5 25 9 15 12 62 8 27 11 3 53 19 26 61 2 39 33 14 16 63 36 7 42 22 32 41 46 59 23 10 13 55 64 50
3 14 31 57 16 19 62 34 23 53 32 44 25 50 26 52 38 42 47 10 21 11 56 30 39 33 27 7 1 8 63 54 49 40 4 41 46 18 61 6 59 35 12 24 13 20 29 9 43 45 55 22 36 2 48 37 51 58 5 60 17 28 15 64
27 60 14 13 5 57 36 16 41 46 31 38 55 4 11 63 15 49 18 25 61 37 22 45 20 50 47 24 33 56 10 23 48 59 40 29 8 58 26 53 2 3 52 42 21 43 28 51 32 44 7 12 9 35 19 1 6 17 64 34 54 30 62 39
5 38 22 6 21 15 52 49 9 34 31 3 23 53 64 16 11 27 40 45 61 8 46 42 35 41 7 44 4 28 18 14 57 29 33 56 17 36 26 25 20 24 12 51 30 62 60 58 48 50 59 32 10 54 43 13 2 47 1 63 19 55 39 37
35 1 53 27 16 2 59 40 60 63 25 54 36 17 15 32 52 18 10 45 7 42 34 48 4 44 41 23 62 26 21 38 43 31 30 64 37 24 5 6 49 20 12 39 46 56 11 61 50 9 29 8 28 58 3 14 19 57 51 22 47 55 33 13
